% Node_ID (0-based) Latitude Longitude
39 2 2
0 37.7449063493 -160.009432884
1 37.8668048274 -130.797325311
2 63.6431858915 -112.816156983 
3 51.6431858915 -172.816156983
4 21.8691125061 -133.259106041
5 55.6431858915 -177.816156983
6 63.8652346572 -131.250634008
7 61.2043433677 -114.300341275
8  
9  
10  
11  
12 37.8691125062 -122.259106043
13 30.8691125062 -100.259106043
14 17.1211125062 -112.259106043
15  
16 -37.8691125062 122.259106043
17 60.2043433677 -110.300341275
18  
19  
20 86.8804435732 -170.640705659
21 37.8804435732 -110.640705659
22  
23  
24 38.2043433677 -114.300341275
25  
26  
27 61.2043433677 -114.300341275
28  
29 37.8691125062 -122.259106043
30 37.6431858915 -121.816156983
31 37.8652346572 -122.250634008
32 38.2043433677 -114.300341275
33 36.7582225593 -118.167916598
34 33.9774659389 -114.886512278
35 39.2598884729 -106.804662071
36 37.8804435732 -122.230147039
37  
38 9.42761644853 -110.640705659
