% Node Label Label(optional)
39 2 2
1 37.7449063493 -160.009432884
2 37.8668048274 -130.797325311
3 63.6431858915 -112.816156983 
4 51.6431858915 -172.816156983
5 21.8691125061 -133.259106041
6 55.6431858915 -177.816156983
7 63.8652346572 -131.250634008
8 61.2043433677 -114.300341275
9  
10  
11  
12  
13 37.8691125062 -122.259106043
14 30.8691125062 -100.259106043
15 17.1211125062 -112.259106043
16  
17 -37.8691125062 122.259106043
18 60.2043433677 -110.300341275
19  
20  
21 86.8804435732 -170.640705659
22 37.8804435732 -110.640705659
23  
24  
25 38.2043433677 -114.300341275
26  
27  
28 61.2043433677 -114.300341275
29  
30 37.8691125062 -122.259106043
31 37.6431858915 -121.816156983
32 37.8652346572 -122.250634008
33 38.2043433677 -114.300341275
34 36.7582225593 -118.167916598
35 33.9774659389 -114.886512278
36 39.2598884729 -106.804662071
37 37.8804435732 -122.230147039
38  
39 9.42761644853 -110.640705659
